# Basis functions
# mean
383.1250 0.31055773
389.3750 0.31532147
395.6250 0.32197811
401.8750 0.32622806
408.1250 0.32719643
414.3750 0.32929140
420.6250 0.33317324
426.8750 0.33732223 
433.1250 0.34173943
439.3750 0.34712185
445.6250 0.35186083
451.8750 0.35542693
458.1250 0.35835622
464.3750 0.36187798
470.6250 0.36676610
476.8750 0.37079334
483.1250 0.37483348
489.3750 0.38104825
495.6250 0.38932903
501.8750 0.39926156
508.1250 0.41006284
514.3750 0.42167727
520.6250 0.43376640
526.8750 0.44371958
533.1250 0.45135239
539.3750 0.45780739
545.6250 0.46168118
551.8750 0.46311522
558.1250 0.46442485
564.3750 0.46542416
570.6250 0.46575589
576.8750 0.46598331
583.1250 0.46663159
589.3750 0.46798768
595.6250 0.47063343
601.8750 0.47387202
608.1250 0.47501374
614.3750 0.47539029
620.6250 0.47649813
626.8750 0.47853683
633.1250 0.48060600
639.3750 0.48129566
645.6250 0.48222657
651.8750 0.48399246
658.1250 0.48568333
664.3750 0.48776815
670.6250 0.49108244
676.8750 0.49587515
683.1250 0.50382677
689.3750 0.51671843
695.6250 0.53519997
701.8750 0.55788134
708.1250 0.57902939
714.3750 0.59516175
720.6250 0.60834388
726.8750 0.61961951
733.1250 0.62949336
739.3750 0.63829354
745.6250 0.64622780
751.8750 0.65343820
758.1250 0.66001412
764.3750 0.66597202
770.6250 0.67129945
776.8750 0.67603928
# func
383.1250 0.03991778 -0.02210710 0.35006596 0.42375045 0.04184290 0.16566581 0.03655772 -0.23946410 -0.08882589 0.28890662 0.03984389 0.46194988 0.10457090 0.07320028 -0.09354587 -0.04881071 0.04146126 0.07532987 0.00535190 -0.02699549 0.01458623 0.43847810 -0.02025850 0.04434555 -0.01621608 -0.00263357 0.00555504 0.00214762 -0.01747252 0.00403088 0.00493519 0.05982657
389.3750 0.05577918 0.00144197 0.35149032 0.39291861 0.01661198 0.13436258 0.01887047 -0.12440029 -0.01253815 0.09280119 0.01365358 0.06126014 0.00104227 -0.00139727 0.03487485 0.01037982 -0.03812358 -0.04162045 -0.00753804 0.02729626 -0.03787796 -0.49439650 0.03192069 -0.08130601 0.03763396 -0.02223339 0.01429493 -0.00679057 0.04612577 -0.00700941 -0.00829942 -0.15291145
395.6250 0.07568011 0.03692792 0.33864089 0.32789073 -0.01611421 0.05751459 -0.00808153 0.04183398 0.06761249 -0.13834325 -0.02510110 -0.37981067 -0.13401554 -0.09491026 0.12159914 0.04926051 -0.03704357 -0.09861246 0.00975756 0.01225345 0.00241837 -0.36333442 0.00731696 -0.02311367 -0.00114729 0.03390675 -0.04909402 0.01366187 -0.05630811 -0.00742787 0.00258473 0.16701061
401.8750 0.09839506 0.08258545 0.29538651 0.21048665 -0.05126305 -0.06887508 -0.04555388 0.23148407 0.08953535 -0.29126335 -0.04413649 -0.41536887 -0.08717699 -0.05285886 0.01364246 0.02377364 0.01947808 0.02001191 0.00026973 -0.02071373 0.03981229 0.56600994 -0.03083311 0.11800806 -0.06094285 0.01297555 0.02085048 -0.00732190 0.01226244 0.01664362 0.00479667 -0.10551644
408.1250 0.11536262 0.12829719 0.20769438 0.03700664 -0.07765661 -0.22756876 -0.08668337 0.38241326 0.02332259 -0.25972107 -0.01549600 0.14597336 0.15430982 0.12393934 -0.23397685 -0.07479569 0.05876376 0.16779386 -0.02708204 -0.00019476 -0.03389675 -0.00199747 0.01307913 -0.09311565 0.07541767 -0.05908145 0.03265955 -0.00487288 0.04903272 -0.01375498 -0.00668692 0.03667965
414.3750 0.11921870 0.14961386 0.13741169 -0.07241992 -0.08954401 -0.27484397 -0.09165719 0.35511134 -0.02002044 -0.09471609 0.01453019 0.38005743 0.16662963 0.11850233 -0.12771985 -0.04518420 -0.00513913 0.02547819 -0.00094421 -0.00615198 -0.01870075 -0.23124592 0.00709769 -0.02289186 0.01324165 -0.00279035 -0.01648953 0.00845891 -0.01665500 -0.01197791 0.00053530 0.03320257
420.6250 0.12120845 0.15591334 0.11567816 -0.09776473 -0.09303942 -0.21453428 -0.06194355 0.16479932 -0.02540130 0.16980573 0.03500718 0.21468486 -0.06110625 -0.07750053 0.30815913 0.10296396 -0.14221927 -0.35025054 0.07142458 -0.03345486 0.07222823 -0.00838122 -0.04129360 0.26293098 -0.18925853 0.13040258 -0.07994359 0.02015786 -0.11595620 0.01570587 0.01976150 -0.09705293
426.8750 0.12218684 0.15612433 0.10648149 -0.10993092 -0.09341891 -0.16369880 -0.03271604 0.02915486 -0.00585685 0.27516205 0.01520813 0.03475338 -0.15409024 -0.16672184 0.36627393 0.09876900 -0.06637929 -0.24733568 0.06752035 -0.01008011 0.02454573 0.11439389 0.00485147 -0.00803725 0.02041492 -0.02536149 0.05554429 -0.01275327 0.07817428 -0.01076993 -0.00115387 0.03708543
433.1250 0.12285450 0.15470191 0.10006809 -0.12252917 -0.09295273 -0.13605410 -0.01023811 -0.03583106 0.02086698 0.25309539 -0.02534050 -0.06809927 -0.11401366 -0.14332995 0.13314927 -0.01561613 0.12574542 0.14753586 0.00822360 0.03585995 -0.07149057 0.07265367 0.08508349 -0.41990531 0.31427124 -0.22421371 0.18269912 -0.03739320 0.24405845 -0.03919092 -0.03046088 0.19008358
439.3750 0.12324409 0.15372131 0.09575192 -0.12786931 -0.09238720 -0.10752690 0.00937684 -0.08727997 0.03575324 0.23995800 -0.05162773 -0.10980532 -0.07867780 -0.11034047 -0.02183412 -0.09647174 0.21496592 0.34183630 -0.03292952 0.04064537 -0.01523345 -0.01966570 0.08078409 -0.15587587 0.05441562 0.00632813 -0.07823842 0.04285012 -0.22581632 0.03953647 -0.00309789 -0.17051483
445.6250 0.12385110 0.15248044 0.09159712 -0.12996720 -0.08917240 -0.07347350 0.02940053 -0.12892530 0.04005505 0.20243098 -0.04335019 -0.12227957 -0.03758427 -0.03212040 -0.12903716 -0.07167180 0.14715662 0.31541373 -0.06779164 0.03601303 0.02607670 -0.08446029 -0.00622965 0.22286938 -0.19904505 0.15552762 -0.17512858 0.04912796 -0.29508064 0.05384876 0.01076942 -0.16779050
451.8750 0.12470121 0.15052637 0.08683333 -0.13076463 -0.08230929 -0.03548488 0.04811089 -0.15980295 0.03556881 0.13126876 -0.00289977 -0.12355107 0.00907759 0.08543538 -0.20492693 0.03974012 -0.03192074 0.13360480 -0.09617512 0.03697914 -0.00765646 -0.08614201 -0.11597206 0.36572335 -0.19348399 0.05438864 0.02522235 -0.04591171 0.20340854 -0.02260522 -0.00649242 0.27629538
458.1250 0.12554559 0.14836125 0.08169553 -0.13018839 -0.07290502 -0.00351214 0.05629570 -0.17176614 0.01990652 0.05921152 0.04791993 -0.11525945 0.03803955 0.18591781 -0.22848521 0.13044242 -0.18505560 -0.07751502 -0.10887407 0.04406947 -0.04865721 -0.01989689 -0.10488168 0.13437860 -0.04963314 -0.04605264 0.14621469 -0.08479127 0.33485639 -0.03440850 0.02097175 0.04195792
464.3750 0.12638000 0.14595087 0.07625701 -0.12920656 -0.06155847 0.02519105 0.05753204 -0.17781558 0.00585703 -0.01898983 0.07980593 -0.09172913 0.05529097 0.23195276 -0.19421976 0.13023437 -0.22187606 -0.22473753 -0.07205193 0.02578961 -0.04612237 0.04916407 -0.02741617 -0.16426532 0.09255916 -0.05733370 0.09592926 -0.04078214 0.08372469 0.02220495 0.01572100 -0.26722425
470.6250 0.12727950 0.14322594 0.07034653 -0.12825912 -0.04854207 0.05527200 0.05621815 -0.18703511 0.00181916 -0.10626085 0.07498164 -0.04999998 0.06872162 0.20653051 -0.10744885 0.02316046 -0.12001647 -0.26256817 0.02255555 -0.03162377 0.01653037 0.06911166 0.03770999 -0.25470317 0.13199802 0.03762142 -0.10156916 0.06118740 -0.34306308 0.11647825 -0.07836857 -0.07601216
476.8750 0.12810728 0.14034086 0.06327819 -0.12750695 -0.03382443 0.09408496 0.05174795 -0.19053040 0.00040737 -0.17536982 0.03609996 -0.00300120 0.07765730 0.10291864 0.00186500 -0.13996698 0.06230089 -0.18100436 0.14398348 -0.11160304 0.08034006 0.03669657 0.09023584 -0.10667188 0.05757430 0.02571911 -0.17437722 0.09066151 -0.25944775 -0.05367968 0.01709683 0.20045047
483.1250 0.12896213 0.13672170 0.05410124 -0.12448336 -0.01626607 0.13869299 0.04336820 -0.17407094 -0.00816540 -0.22139076 -0.01763180 0.04704614 0.08272815 -0.03285418 0.10761967 -0.25486401 0.19738921 -0.04752210 0.20289187 -0.14401618 0.08675953 -0.01247747 0.09136318 0.09108024 -0.04859295 -0.03795391 -0.09704686 0.03127870 0.13025111 -0.24465687 0.15470749 0.25866912
489.3750 0.13026100 0.13184072 0.04221893 -0.11608081 0.00524919 0.18078496 0.02950800 -0.12330766 -0.03518365 -0.25355165 -0.05933500 0.10501736 0.08383825 -0.13516277 0.19710583 -0.22014470 0.16002366 0.03552779 0.09768178 -0.03740247 -0.02392099 -0.02864504 -0.01123783 0.05128627 -0.07881823 0.03260404 0.01659795 -0.10253508 0.25303597 0.02661199 0.01358566 -0.20178981
495.6250 0.13188583 0.12473034 0.02703021 -0.10339051 0.03524448 0.21754453 0.02089226 -0.05363098 -0.05707585 -0.23118540 -0.08408810 0.13073003 0.06576343 -0.18707692 0.18349564 -0.04086973 -0.02081017 0.11539958 -0.04635432 0.05104861 -0.07703701 -0.02235507 -0.08317253 0.02432151 -0.02500026 0.04237067 0.17254948 -0.06976036 0.09345413 0.21831810 -0.14608391 -0.28603618
501.8750 0.13342312 0.11492348 0.00933647 -0.08719701 0.07428923 0.24317058 0.01873880 0.02368467 -0.06855809 -0.15171219 -0.08081295 0.11513928 0.01489884 -0.18259401 0.07123154 0.19591903 -0.22203753 0.18597748 -0.13799115 0.06204300 -0.02507261 -0.00511621 -0.06938761 0.08182780 0.06373983 -0.04785301 0.27359241 0.11763618 -0.18178152 0.11522323 -0.16292996 0.15011149
508.1250 0.13451758 0.10387971 -0.00892498 -0.06794256 0.11764447 0.24806015 0.00656531 0.10843418 -0.09412198 -0.06108564 -0.02234490 0.09344866 -0.09591083 -0.12209350 -0.00371418 0.29885513 -0.17843076 0.15187773 -0.13111790 0.07497689 -0.00985410 0.02507132 -0.01861522 -0.00161500 0.05743032 -0.06698637 -0.06939453 0.06325091 -0.16715830 -0.12739487 0.09847308 0.17531221
514.3750 0.13528908 0.08941291 -0.02314116 -0.04785432 0.16226929 0.22955146 0.00233255 0.17262110 -0.11383180 0.02035340 0.06176369 0.05786767 -0.19632278 -0.02785173 -0.06810139 0.25568770 0.01822870 0.04968217 -0.03973364 0.06841738 0.01877395 0.03063794 0.04902681 -0.08914618 0.00322973 -0.00101834 -0.34721900 -0.06047954 0.02362464 -0.21415231 0.23314133 -0.01619822
520.6250 0.13599119 0.07038216 -0.03054935 -0.02896378 0.20511948 0.18980706 0.01909518 0.19611287 -0.10836284 0.08308129 0.13267892 0.00153540 -0.22203886 0.06955972 -0.15400591 0.11259421 0.21385619 -0.06211067 0.09158143 0.02178317 0.10137992 -0.00854106 0.11034863 -0.05322522 -0.03117922 0.11456151 -0.15572070 -0.06050961 0.20060906 0.01749842 -0.03928490 -0.11462233
526.8750 0.13653495 0.05049630 -0.03283984 -0.01418993 0.23964276 0.13514727 0.03350518 0.19086350 -0.08588326 0.13659250 0.12211277 -0.05826637 -0.13870750 0.07184480 -0.17166427 -0.06311287 0.24385927 -0.13715247 0.15765347 -0.03887147 0.08022786 -0.03530122 0.06015868 0.03423316 -0.04759997 0.04707412 0.18850088 0.01340814 0.06976214 0.13842288 -0.17877409 -0.03663921
533.1250 0.13687805 0.03241646 -0.03310199 -0.00262163 0.26230104 0.07549857 0.03578241 0.16443584 -0.04831524 0.17173543 0.04012366 -0.10319443 0.01524255 -0.00080787 -0.11603561 -0.20677589 0.10470338 -0.14642310 0.12538125 -0.08319289 -0.04898874 -0.03023445 -0.07680046 0.09111666 -0.02595670 -0.11010113 0.34602805 0.06473999 -0.17454363 0.09056512 -0.08880959 0.08690411
539.3750 0.13704572 0.01835153 -0.03514518 0.00834613 0.27092938 0.02264789 0.02184745 0.12271476 0.00373923 0.17188493 -0.06835744 -0.11682322 0.16962083 -0.07632994 -0.01940227 -0.26898495 -0.12128736 -0.07927697 0.00312246 -0.07630870 -0.26050737 0.00694690 -0.25647467 0.04613425 0.07627917 -0.15269320 -0.03545521 -0.03622124 -0.13513892 -0.00605009 0.14800189 0.01271208
545.6250 0.13713581 0.00715506 -0.03723073 0.01920082 0.27190388 -0.02661087 0.01323372 0.07221832 0.05463626 0.13788243 -0.10675667 -0.10012067 0.23654894 -0.06564037 0.05990044 -0.22363866 -0.26574708 0.02049130 -0.10714850 -0.06209621 -0.15695311 0.03193681 -0.12665163 -0.06347065 0.06001512 0.04068622 -0.25722096 -0.06346047 0.06004852 -0.05632133 0.13060241 -0.04425701
551.8750 0.13726287 -0.00174751 -0.03981036 0.03036034 0.26690161 -0.07276869 0.01333468 0.01604225 0.09469435 0.07552445 -0.05275758 -0.06216640 0.19529861 0.04678529 0.11235794 -0.09805678 -0.25061935 0.10694284 -0.15028314 -0.04344006 0.22304251 0.02702871 0.25822715 -0.15111680 -0.08252310 0.31416145 -0.09147121 0.03098535 0.22439539 -0.03877980 -0.13871511 -0.00556023
558.1250 0.13745576 -0.00730871 -0.04719857 0.04255216 0.25051099 -0.11025234 0.00272493 -0.04803392 0.11315091 -0.01266394 0.05624478 -0.02287208 0.08401845 0.22887642 0.21451825 0.01752585 -0.06363715 0.12486044 -0.11745769 0.05474188 0.25783548 -0.00083033 0.31846649 -0.00331512 -0.11488962 -0.01873277 0.13172861 0.05782115 -0.01281456 -0.02318731 -0.05373389 0.02111694
564.3750 0.13756062 -0.01053685 -0.05652459 0.05339331 0.22540416 -0.13650776 -0.02089180 -0.10238631 0.13060633 -0.08367153 0.10459652 0.01768838 -0.02162973 0.31793639 0.25831900 0.10162283 0.13881390 0.08634830 -0.04496321 0.13903095 0.03551149 -0.01768313 0.08259056 0.13553516 -0.03038368 -0.31688459 0.14987708 0.00849496 -0.19099658 -0.00871587 0.10296266 0.00677528
570.6250 0.13792988 -0.01267288 -0.06518219 0.06151579 0.19530557 -0.15166624 -0.05354162 -0.13463852 0.15997130 -0.10885656 0.02790776 0.05992875 -0.07167956 0.21708364 0.16531013 0.15192696 0.23033992 0.01964136 0.02751496 0.13500781 -0.23162191 -0.00305789 -0.26853743 0.06684035 0.11072325 -0.05746134 -0.13189649 -0.08168543 0.05017295 0.00880280 0.04271152 -0.05170052
576.8750 0.13827298 -0.01415945 -0.07463043 0.06819326 0.16073494 -0.15910056 -0.08201695 -0.14780256 0.19322144 -0.08624711 -0.11407216 0.08218022 -0.06840897 -0.00073049 -0.02228171 0.19299440 0.15418352 -0.01493934 0.11112935 -0.03070908 -0.15346870 0.00255415 -0.27818534 -0.04769211 0.12055731 0.25272128 -0.10264666 -0.00861064 0.08535198 0.06311396 -0.06656368 0.02912595
583.1250 0.13836352 -0.01523014 -0.08431089 0.07415022 0.12115572 -0.15708366 -0.09963857 -0.14740416 0.19168575 -0.05106644 -0.21957965 0.08183286 -0.04761663 -0.21083638 -0.20284588 0.18573491 0.00511243 -0.03296192 0.15368620 -0.19261604 0.09727205 -0.00526517 -0.02889476 -0.09674587 0.01413359 0.29285749 0.12096285 0.10865144 -0.05050316 0.06779058 -0.09052281 0.11289812
589.3750 0.13866920 -0.01612056 -0.09349818 0.07982776 0.07633408 -0.14160749 -0.10501116 -0.14197759 0.11318092 -0.05027148 -0.18857888 0.06456482 -0.05458925 -0.28321008 -0.26674572 0.07308616 -0.06152239 -0.08361796 0.09080440 -0.10631496 0.09872705 -0.01814156 0.14985209 0.00721706 -0.10630137 -0.18166102 0.12566103 0.02050753 -0.02940152 -0.16656397 0.13479760 -0.09574249
595.6250 0.13879336 -0.01618066 -0.10015170 0.08719629 0.03257792 -0.12928953 -0.10066063 -0.12452206 -0.01156418 -0.07312020 -0.05405025 0.05135799 -0.09099530 -0.24453959 -0.20600388 -0.07539033 -0.06450162 -0.12024646 -0.04476473 0.09562544 0.01832253 -0.00428606 0.19311066 0.07082099 -0.11420891 -0.38892905 -0.06074266 -0.10493133 0.01600297 -0.08071759 0.07740243 -0.13863570
601.8750 0.13841151 -0.01550833 -0.10439383 0.09527559 -0.00593863 -0.12289045 -0.09138924 -0.09737269 -0.13832433 -0.09753088 0.11210388 0.04439551 -0.13764704 -0.14697245 -0.07641179 -0.19349074 -0.03653430 -0.11507554 -0.18534692 0.26038338 -0.02850279 0.02947300 0.11126031 0.03211792 -0.00577076 -0.11221590 -0.26184859 -0.13813127 0.01845158 0.30074654 -0.26254411 0.07162800
608.1250 0.13782363 -0.01548171 -0.10970240 0.09923814 -0.03817549 -0.10644479 -0.08496723 -0.07688301 -0.20633784 -0.08707060 0.19148545 0.02018373 -0.15741752 -0.06198590 -0.01528670 -0.22976837 0.00206150 -0.07521484 -0.23337569 0.23117799 -0.03645384 0.02542610 -0.04916591 -0.00454763 0.07505074 0.19752965 -0.01079593 0.07652193 -0.00511834 0.02878983 -0.08651711 0.17931955
614.3750 0.13728186 -0.01530063 -0.11532356 0.10108778 -0.06296313 -0.08543556 -0.08248703 -0.06086015 -0.22608648 -0.05814611 0.20273966 -0.01102808 -0.13674232 -0.00202846 0.00727798 -0.16747729 -0.00384642 0.01196577 -0.15954059 0.02441312 0.02662931 -0.00535917 -0.15277009 -0.00483114 0.11425928 0.27044363 0.24070608 0.21452479 -0.01438993 -0.28699123 0.20679766 0.05696356
620.6250 0.13683757 -0.01426640 -0.11983411 0.10288782 -0.08039290 -0.06608413 -0.08291148 -0.04490025 -0.22111478 -0.03191982 0.18458133 -0.03653699 -0.07649399 0.03639867 0.03700095 -0.02577736 -0.07475483 0.13605353 0.01389409 -0.26458248 0.14950868 -0.03921772 -0.11591616 0.03173682 0.11841147 0.02274462 0.10901275 0.03904890 0.01598885 -0.08731128 0.20846253 -0.27712581
626.8750 0.13656219 -0.01424377 -0.12196788 0.10345377 -0.09180855 -0.05063467 -0.08194717 -0.03059134 -0.21136066 -0.00183645 0.14282729 -0.05987938 0.00215027 0.05535101 0.05600817 0.07677553 -0.11128038 0.18896532 0.13631265 -0.37043286 0.12321519 -0.03456439 -0.08373147 0.02491078 0.05423815 -0.13194159 -0.07791525 -0.08837635 0.01236207 0.11106379 -0.04782150 -0.15716818
633.1250 0.13648529 -0.01470601 -0.12254307 0.10198614 -0.10208314 -0.03123023 -0.08090172 -0.01654472 -0.20043360 0.02296472 0.08180364 -0.07678617 0.08631849 0.05609903 0.05913125 0.11857924 -0.08554171 0.15226122 0.18016999 -0.25436415 -0.03560715 -0.00436142 -0.04224969 -0.03213701 -0.07558153 -0.10948677 -0.14525579 -0.10859772 -0.01185310 0.15726976 -0.24815469 0.19905752
639.3750 0.13637520 -0.01410132 -0.12310194 0.09758322 -0.11712282 0.00438378 -0.08347093 -0.00077703 -0.18348067 0.02612646 0.00462465 -0.07942420 0.16753304 0.03886395 0.04599498 0.12470524 -0.00508658 0.04921506 0.17906660 0.01218928 -0.21560008 0.01303670 0.09769150 -0.11888128 -0.27678693 0.01124655 0.01050867 -0.11986861 -0.00080461 0.06769670 0.06054440 0.22454562
645.6250 0.13612484 -0.01308782 -0.12375503 0.09323507 -0.13107106 0.03919891 -0.08326574 0.01789850 -0.14740335 0.03901426 -0.07515122 -0.07884646 0.21999198 0.02532982 0.02899795 0.11012242 0.06866874 -0.03684355 0.13725961 0.21809269 -0.26188801 0.02461231 0.16133458 -0.11195153 -0.24653770 0.10922297 0.11184814 -0.00506359 -0.00762994 -0.04950542 0.17788236 0.00952751
651.8750 0.13584182 -0.01198207 -0.12485170 0.08993993 -0.14231224 0.06741627 -0.07785424 0.03816151 -0.08897010 0.06791929 -0.14410061 -0.07628416 0.22996161 0.02530205 0.01624330 0.08424089 0.10459285 -0.07204001 0.06766295 0.26290181 -0.13572738 0.02846699 0.09958703 0.00616536 0.03306119 0.11513087 0.05548863 0.18355877 -0.03117318 -0.11630947 -0.06784300 -0.23502804
658.1250 0.13540219 -0.01046202 -0.12714883 0.08546199 -0.15439379 0.09984137 -0.06960192 0.05564350 -0.01210845 0.09418847 -0.19104833 -0.06464110 0.20003869 0.03476881 0.00996857 0.05275861 0.09724511 -0.07403963 0.00862334 0.12248405 0.11679567 -0.00275633 0.00628080 0.19420635 0.28503154 -0.06183902 -0.09152502 0.19219813 0.04054159 -0.14772581 -0.21815672 -0.09106429
664.3750 0.13486885 -0.00935509 -0.12895589 0.08086033 -0.16723758 0.12879193 -0.05748673 0.06963428 0.06698412 0.09349061 -0.20409375 -0.03078521 0.12358337 0.05053908 0.00983614 0.01097114 0.08529815 -0.07071106 -0.07263002 -0.01066715 0.29342903 -0.02741647 -0.05770545 0.21039068 0.30402715 -0.14053009 -0.12289297 0.01344813 0.06883647 -0.01799244 -0.08378273 0.11720677
670.6250 0.13453440 -0.01008673 -0.12862632 0.07717450 -0.17902447 0.14563991 -0.03854770 0.07994982 0.13526551 0.05646313 -0.17706389 0.02716447 0.00847657 0.06698354 0.01296655 -0.04076252 0.09239708 -0.07734252 -0.18537711 0.00572751 0.26117101 -0.01365998 -0.05680773 -0.06371606 0.03808009 0.06638813 0.07142225 -0.26790057 -0.04395222 0.31855176 0.34491931 0.08415527
676.8750 0.13423476 -0.01343181 -0.12843243 0.07195000 -0.18684247 0.15424014 -0.01460301 0.08399839 0.20330268 0.02969715 -0.10990768 0.06753083 -0.12448045 0.10295740 0.03408957 -0.09052912 0.05812319 -0.05644161 -0.23000148 -0.07389808 0.05640821 0.00395725 -0.10724424 -0.20548778 -0.22143618 0.04672644 0.09352105 -0.19382038 -0.07331382 0.09417602 0.13204462 0.00373011
683.1250 0.13443832 -0.02303224 -0.12440826 0.06573863 -0.18435534 0.14573363 0.02888416 0.08183369 0.26259311 0.01916464 -0.01027890 0.08150019 -0.21412658 0.11908124 0.04572928 -0.11741815 -0.02703481 -0.00456795 -0.14912218 -0.17246193 -0.16922729 0.01327386 -0.10963664 -0.13570162 -0.27742706 -0.10489219 -0.02111976 0.09636422 -0.01010784 -0.31086713 -0.33061902 -0.04147608
689.3750 0.13539596 -0.04318017 -0.11014324 0.06026864 -0.16404628 0.10640005 0.11316036 0.07442232 0.30032714 0.01146403 0.11558613 0.07671917 -0.19091182 0.05369935 0.00267782 -0.09941510 -0.15645909 0.06987524 0.10052619 -0.07679860 -0.23491446 0.01299776 0.13683625 0.07348537 0.01524789 -0.03120157 -0.04874943 0.21790899 0.06452254 -0.02501299 -0.07855571 -0.01911737
695.6250 0.13563104 -0.07641067 -0.08059156 0.04878094 -0.12681490 0.04282826 0.21771702 0.06170008 0.26916324 0.00237949 0.21411577 0.05205654 -0.06675671 -0.05268763 -0.03460405 -0.04918202 -0.18546439 0.09881588 0.25839368 0.08246278 -0.12308977 0.00724030 0.22759730 0.16164875 0.21800286 0.08418732 -0.00597695 0.08134504 0.05018983 0.22754767 0.20931425 0.01031116
701.8750 0.13271879 -0.11895842 -0.03688459 0.02841016 -0.07695523 -0.03368481 0.31985241 0.04413196 0.15892698 -0.00809449 0.26014035 0.01018180 0.11843887 -0.15880441 -0.02866653 0.01612867 -0.05926135 0.05619011 0.19749650 0.19084541 0.10926922 -0.00012714 -0.04471041 0.02623950 0.09675231 0.08531881 0.05228133 -0.24677711 -0.07478882 -0.04979516 0.03169474 0.00703686
708.1250 0.12675658 -0.15557539 0.00467712 0.00453863 -0.03543779 -0.09018731 0.37755984 0.02739670 0.02541642 -0.02084750 0.20603852 -0.01346807 0.21462150 -0.20015249 -0.01130869 0.10016229 0.10651834 -0.02329802 -0.00572824 0.12462659 0.22360979 -0.00560282 -0.25719790 -0.13671795 -0.12666282 -0.04319571 0.01013643 -0.16784585 -0.07136447 -0.22039936 -0.16170390 -0.01259334
714.3750 0.12153604 -0.18078297 0.03439254 -0.02024809 -0.01747605 -0.10128968 0.35223993 0.01657513 -0.08536449 -0.03128386 0.02892957 -0.00478845 0.12323017 -0.11191125 0.00686109 0.13072038 0.17906782 -0.08142617 -0.21275716 -0.11552148 0.02124652 -0.00576422 -0.07884496 -0.08789348 -0.14089841 -0.12175217 -0.08127751 0.30903658 0.09471651 0.10278354 0.03171749 -0.00604255
720.6250 0.11689453 -0.19917065 0.05697381 -0.04346793 -0.00983555 -0.09093746 0.28737999 0.00954449 -0.14637043 -0.03365279 -0.12565728 0.00820961 -0.00714073 0.00039610 0.01625642 0.08834270 0.13128085 -0.07547640 -0.22530520 -0.21186830 -0.14849909 -0.00134313 0.13817389 0.04920526 0.01656701 -0.02568697 -0.04116098 0.21951504 0.07723086 0.18103027 0.12454270 0.01219325
726.8750 0.11263432 -0.21300475 0.07482022 -0.06429269 -0.00672022 -0.07134119 0.20656398 0.00503041 -0.16399974 -0.02987953 -0.21482916 0.01679191 -0.10756930 0.08276063 0.01671017 0.01865583 0.03301058 -0.03378287 -0.10879369 -0.15260465 -0.16559869 0.00242322 0.19555761 0.11204526 0.12472349 0.07758539 0.03351776 -0.11592915 -0.03364991 0.00640850 0.02327363 0.00777939
733.1250 0.10868363 -0.22352231 0.08923809 -0.08267566 -0.00580972 -0.04736092 0.12143904 0.00225599 -0.15000703 -0.02210032 -0.23897746 0.01909377 -0.15636708 0.12168170 0.01202545 -0.04377389 -0.05698207 0.01320846 0.03602823 -0.02354665 -0.07547873 0.00263927 0.11034282 0.07975991 0.11272233 0.09367431 0.06175874 -0.28102658 -0.09074174 -0.14543529 -0.08911980 -0.00390317
739.3750 0.10496054 -0.23156325 0.10108055 -0.09890417 -0.00596146 -0.02173482 0.03849207 0.00034975 -0.11632385 -0.01201445 -0.21300084 0.01660372 -0.15823192 0.12327096 0.00585911 -0.08045980 -0.11069330 0.04616145 0.14179654 0.09365719 0.03822564 0.00060544 -0.02172350 0.00380943 0.02774352 0.03947863 0.03852586 -0.19298393 -0.06239572 -0.14393276 -0.10036772 -0.01084461
745.6250 0.10141493 -0.23769399 0.11089129 -0.11326409 -0.00660094 0.00408465 -0.03878040 -0.00098875 -0.07214497 -0.00165446 -0.15212529 0.01095267 -0.12617341 0.09931074 0.00034938 -0.08689725 -0.12319050 0.05869735 0.18222781 0.15620441 0.11608980 -0.00132667 -0.12231146 -0.06273480 -0.05879492 -0.03134106 -0.00554220 0.01607070 0.00725644 -0.03227303 -0.02818855 -0.00801441
751.8750 0.09801502 -0.24232256 0.11906337 -0.12595263 -0.00748045 0.02919085 -0.10883923 -0.00204443 -0.02391683 0.00762478 -0.07103595 0.00340514 -0.07291529 0.06055938 -0.00327440 -0.06836220 -0.10075906 0.05129360 0.16063093 0.15626455 0.13554223 -0.00209605 -0.15533105 -0.09033619 -0.10258635 -0.07559189 -0.04006571 0.18776305 0.06319863 0.08743302 0.05493405 0.00034549
758.1250 0.09473969 -0.24575578 0.12591528 -0.13709323 -0.00850130 0.05274639 -0.17127402 -0.00328409 0.02401403 0.01517152 0.01848070 -0.00491878 -0.00989654 0.01461880 -0.00492071 -0.03461761 -0.05394388 0.02985875 0.09413242 0.10475346 0.10162821 -0.00122850 -0.12087428 -0.07498507 -0.09264308 -0.07631589 -0.04944033 0.23525500 0.07666554 0.14024993 0.09171157 0.00852410
764.3750 0.09160267 -0.24822212 0.13166791 -0.14666790 -0.00972969 0.07365795 -0.22605445 -0.00526539 0.06859221 0.02062705 0.10846608 -0.01307455 0.05348565 -0.03365997 -0.00603228 0.00630711 0.00665867 0.00119735 0.00070829 0.01853646 0.02985449 0.00018715 -0.03844544 -0.02662093 -0.04021552 -0.03714361 -0.03068299 0.14597244 0.04418101 0.10248004 0.06566601 0.01009322
770.6250 0.08862667 -0.24993062 0.13648516 -0.15458985 -0.01135819 0.09069637 -0.27356403 -0.00850433 0.10769817 0.02379735 0.19304716 -0.01989572 0.10993165 -0.08090361 -0.00834875 0.04857060 0.07054346 -0.02881590 -0.10249189 -0.08302210 -0.05819951 0.00112069 0.06347963 0.03653532 0.03319909 0.02366489 0.00839699 -0.03622765 -0.01557241 -0.00572439 -0.00576075 0.00335710
776.8750 0.08581435 -0.25106763 0.14050607 -0.16093817 -0.01344450 0.10373652 -0.31455738 -0.01300064 0.14076881 0.02470807 0.26806837 -0.02473758 0.15645661 -0.12520855 -0.01227243 0.08851499 0.13046821 -0.05684137 -0.20061619 -0.18202683 -0.14299567 0.00210650 0.15973836 0.09670369 0.10569912 0.08527145 0.05406929 -0.24283808 -0.07775233 -0.13836903 -0.08917852 -0.00878691