# Basis functions
383.1250 0.03996055 -0.02273500 0.34954846 0.42407903 0.04088060 0.16521859 0.03721198 0.23975824 0.08437740 0.29095435 -0.03730850 0.46027906 0.11111394 0.07274832 -0.09508197 -0.04764951 0.04049099 -0.07442859 -0.00315185 -0.02873057 -0.01269116 0.43789618 0.00013362 0.04847430
389.3750 0.05578830 0.00079126 0.35112592 0.39311913 0.01589139 0.13439913 0.01998704 0.12461793 0.01115749 0.09296164 -0.01375755 0.06120106 0.00190835 -0.00164729 0.03433112 0.01082018 -0.03733186 0.04145380 0.00607562 0.02827746 0.03510321 -0.49306656 0.00856899 -0.08485929
395.6250 0.07567316 0.03624529 0.33849787 0.32798357 -0.01661044 0.05815593 -0.00709792 -0.04161731 -0.06524701 -0.13985965 0.02295741 -0.37763382 -0.13938231 -0.09368442 0.12388995 0.04837117 -0.03661469 0.09702895 -0.01181396 0.01256266 -0.00321177 -0.36480889 -0.00889798 -0.02797466
401.8750 0.09838928 0.08197226 0.29548875 0.21057486 -0.05158354 -0.06769140 -0.04532768 -0.23169043 -0.08574431 -0.29330787 0.04259592 -0.41386772 -0.09327120 -0.05240922 0.01557265 0.02238470 0.01973276 -0.01987977 0.00049429 -0.02043916 -0.03729419 0.56656949 -0.00453863 0.12362753
408.1250 0.11537480 0.12783573 0.20809272 0.03713478 -0.07770905 -0.22579758 -0.08851183 -0.38305076 -0.02028480 -0.26048386 0.01599811 0.14441970 0.15600318 0.12186516 -0.23725571 -0.07345493 0.05640747 -0.16459212 0.02942565 0.00109941 0.03294375 -0.00113448 0.01261179 -0.09279505
414.3750 0.11924563 0.14930927 0.13784961 -0.07236625 -0.08944556 -0.27328640 -0.09443212 -0.35586161 0.02122847 -0.09390507 -0.01371633 0.37813683 0.17215988 0.11645504 -0.12977370 -0.04338487 -0.00644919 -0.02366506 0.00107442 -0.00604532 0.01770810 -0.23180943 -0.00336956 -0.02472821
420.6250 0.12123262 0.15566182 0.11599239 -0.09775981 -0.09291787 -0.21378277 -0.06445262 -0.16536392 0.02392517 0.17182492 -0.03542284 0.21424707 -0.05734000 -0.07679134 0.31349165 0.10264615 -0.13896656 0.34637506 -0.07612373 -0.03612099 -0.07022114 -0.00850103 -0.04065461 0.26266908
426.8750 0.12220845 0.15589656 0.10679758 -0.10989249 -0.09320292 -0.16340177 -0.03493924 -0.02958448 0.00302032 0.27685775 -0.01556344 0.03528739 -0.15320927 -0.16410908 0.37085336 0.09711779 -0.06260311 0.24185460 -0.06988600 -0.01171818 -0.02411873 0.11384747 0.00942581 -0.00808958
433.1250 0.12287684 0.15448687 0.10047289 -0.12241673 -0.09260364 -0.13591464 -0.01233589 0.03546370 -0.02388496 0.25341168 0.02599387 -0.06732153 -0.11551593 -0.14026353 0.13132879 -0.01764744 0.12677946 -0.15089061 -0.00501795 0.03665960 0.06833655 0.07093465 0.08598317 -0.42059776
439.3750 0.12326932 0.15351036 0.09618775 -0.12770291 -0.09199905 -0.10766751 0.00740019 0.08697093 -0.03874891 0.23906006 0.05287506 -0.10877635 -0.08172654 -0.10765821 -0.02695448 -0.09888492 0.21347137 -0.34225882 0.03659563 0.03973151 0.01203168 -0.02228636 0.07954351 -0.15460953
445.6250 0.12387543 0.15227873 0.09199913 -0.12981742 -0.08877269 -0.07398502 0.02773473 0.12888844 -0.04246423 0.20096518 0.04440785 -0.12202460 -0.04051734 -0.03111724 -0.13395391 -0.07266539 0.14468808 -0.31323894 0.06922410 0.03539757 -0.02590768 -0.08542414 -0.00869338 0.22374380
451.8750 0.12471940 0.15034597 0.08717019 -0.13069791 -0.08190979 -0.03636920 0.04695231 0.16017269 -0.03689350 0.12990332 0.00324318 -0.12478898 0.00771131 0.08390815 -0.20707132 0.04155035 -0.03381436 -0.12969725 0.09501628 0.03977972 0.01213703 -0.08345754 -0.11875961 0.36356495
458.1250 0.12555342 0.14821414 0.08201918 -0.13020246 -0.07259432 -0.00461248 0.05553692 0.17226154 -0.02033756 0.05836434 -0.04772326 -0.11675797 0.03811598 0.18243942 -0.22765932 0.13325262 -0.18616244 0.08213733 0.10704140 0.04850575 0.05242154 -0.01635441 -0.10618839 0.13429261
464.3750 0.12637906 0.14584452 0.07659804 -0.12925952 -0.06133726 0.02398490 0.05721638 0.17826000 -0.00555862 -0.01934215 -0.07965756 -0.09251389 0.05649593 0.22809610 -0.19135702 0.13226450 -0.22236899 0.22862901 0.07066897 0.02899821 0.04654772 0.05172821 -0.02607066 -0.16191126
470.6250 0.12727172 0.14315704 0.07069702 -0.12829598 -0.04833712 0.05401215 0.05654807 0.18740099 -0.00085573 -0.10642081 -0.07530536 -0.04974394 0.07074284 0.20414957 -0.10379588 0.02342859 -0.12016557 0.26435278 -0.02359179 -0.03201982 -0.01862937 0.07068600 0.04197089 -0.25420243
476.8750 0.12809520 0.14030767 0.06360393 -0.12754962 -0.03364814 0.09283485 0.05275219 0.19082991 0.00107874 -0.17532949 -0.03627976 -0.00260197 0.07887501 0.10268450 0.00262659 -0.13969970 0.06174455 0.17958536 -0.14314827 -0.11612386 -0.08292241 0.03408884 0.09244300 -0.10782058
483.1250 0.12895082 0.13672557 0.05438878 -0.12455619 -0.01612195 0.13755489 0.04509969 0.17436515 0.01011728 -0.22105841 0.01773904 0.04701100 0.08233305 -0.03143534 0.10495406 -0.25399610 0.19679999 0.04353130 -0.20035914 -0.15025543 -0.08820554 -0.01823687 0.08951644 0.08982376
489.3750 0.13024855 0.13187634 0.04249966 -0.11615779 0.00539775 0.17987801 0.03212783 0.12371369 0.03775231 -0.25272040 0.05874779 0.10495224 0.08265161 -0.13348069 0.19564385 -0.22106507 0.16155760 -0.03935968 -0.09668749 -0.04001900 0.02406162 -0.02919842 -0.01307284 0.05131734
495.6250 0.13187226 0.12479667 0.02727930 -0.10349814 0.03538776 0.21687896 0.02423300 0.05409958 0.05953435 -0.23033150 0.08291795 0.13079647 0.06461352 -0.18604439 0.18426820 -0.04242790 -0.01798884 -0.11698683 0.04575042 0.05293872 0.07830394 -0.01884833 -0.08276609 0.02482874
501.8750 0.13341137 0.11501701 0.00952148 -0.08734269 0.07440735 0.24273915 0.02247591 -0.02326621 0.07009485 -0.15120392 0.07966145 0.11550239 0.01439919 -0.18243663 0.07315995 0.19567122 -0.21983436 -0.18486763 0.13711067 0.06648564 0.02657149 -0.00253537 -0.06695909 0.08171455
508.1250 0.13451191 0.10397772 -0.00876319 -0.06800549 0.11779074 0.24800404 0.01050008 -0.10819183 0.09505863 -0.05973865 0.02142249 0.09474956 -0.09518919 -0.12222468 -0.00131381 0.29818513 -0.17810098 -0.15054841 0.13021432 0.07878699 0.01128720 0.02575131 -0.01794175 -0.00040538
514.3750 0.13529150 0.08950762 -0.02299382 -0.04777080 0.16241299 0.22974929 0.00612585 -0.17252037 0.11413269 0.02269717 -0.06203348 0.06004096 -0.19498287 -0.02764374 -0.06658124 0.25475510 0.01689597 -0.04913746 0.03927289 0.06953246 -0.01897431 0.02935155 0.04676594 -0.08755580
520.6250 0.13600353 0.07047835 -0.03044109 -0.02874115 0.20517733 0.18994582 0.02232531 -0.19599040 0.10761322 0.08549892 -0.13183893 0.00383144 -0.22148123 0.07043392 -0.15479074 0.11318685 0.21222882 0.06262010 -0.09119974 0.01964634 -0.10511271 -0.01131058 0.10686188 -0.05433968
526.8750 0.13655503 0.05057623 -0.03276948 -0.01383034 0.23971396 0.13513860 0.03592644 -0.19059193 0.08431735 0.13810874 -0.12072807 -0.05695339 -0.13906176 0.07271918 -0.17363194 -0.06238394 0.24275423 0.13778541 -0.15673361 -0.04210368 -0.08332615 -0.03703232 0.05941055 0.03223029
533.1250 0.13690138 0.03246215 -0.03305297 -0.00213789 0.26246537 0.07539287 0.03726746 -0.16398213 0.04627608 0.17173192 -0.03892822 -0.10351958 0.01399814 -0.00062812 -0.11737205 -0.20718775 0.10410929 0.14695565 -0.12478550 -0.08578255 0.05040638 -0.02815925 -0.07303372 0.09019830
539.3750 0.13706860 0.01835247 -0.03508633 0.00893406 0.27116974 0.02261437 0.02238835 -0.12219790 -0.00600063 0.17024186 0.06890481 -0.11859391 0.16710877 -0.07707131 -0.01825820 -0.27063582 -0.12251670 0.07903086 -0.00451491 -0.07914161 0.26835237 0.01666313 -0.24974397 0.04627323
545.6250 0.13715667 0.00713924 -0.03720390 0.01981618 0.27213082 -0.02666279 0.01280547 -0.07168734 -0.05691697 0.13549846 0.10673001 -0.10263638 0.23453302 -0.06674608 0.06164196 -0.22408243 -0.26729961 -0.02094163 0.10685357 -0.06161075 0.16128724 0.03729701 -0.12377370 -0.06318942
551.8750 0.13728050 -0.00175073 -0.03985529 0.03092618 0.26700956 -0.07296828 0.01194044 -0.01557526 -0.09661390 0.07346895 0.05244312 -0.06454757 0.19594054 0.04623063 0.11214245 -0.09544988 -0.25127427 -0.10705868 0.15378787 -0.03718395 -0.23048870 0.01705527 0.25256934 -0.15117522
558.1250 0.13747327 -0.00731481 -0.04724110 0.04306770 0.25045793 -0.11045810 0.00050173 0.04814900 -0.11349639 -0.01374823 -0.05672324 -0.02431285 0.08810605 0.23004133 0.21278612 0.01954003 -0.06087852 -0.12557255 0.11882041 0.05899926 -0.26553980 -0.01519140 0.31165878 -0.00133732
564.3750 0.13758137 -0.01055644 -0.05654611 0.05384795 0.22516036 -0.13655209 -0.02374470 0.10205820 -0.12941190 -0.08416425 -0.10511468 0.01742571 -0.01618728 0.31968064 0.25551129 0.10218668 0.14380122 -0.08744322 0.04231179 0.13833959 -0.03572895 -0.02347185 0.08010998 0.13814291
570.6250 0.13795008 -0.01270241 -0.06521934 0.06188005 0.19485172 -0.15141335 -0.05680181 0.13396524 -0.15829009 -0.10970384 -0.02834947 0.06062650 -0.06846860 0.21687993 0.16158512 0.15300308 0.23374983 -0.01994807 -0.03155267 0.13193856 0.23919257 0.00754085 -0.26569704 0.06606550
576.8750 0.13828275 -0.01416793 -0.07471481 0.06845282 0.16026145 -0.15833336 -0.08538473 0.14701764 -0.19164565 -0.08844305 0.11421243 0.08257430 -0.06867667 -0.00287273 -0.02447501 0.19381747 0.15451041 0.01532727 -0.11115389 -0.03311125 0.15875775 0.01562923 -0.27458392 -0.05062288
583.1250 0.13836239 -0.01520138 -0.08444245 0.07431546 0.12080329 -0.15582581 -0.10281285 0.14667684 -0.19036625 -0.05432737 0.22020787 0.08162794 -0.05076780 -0.21358038 -0.20166540 0.18531930 0.00276467 0.03368622 -0.14892626 -0.19289742 -0.09982437 -0.00183676 -0.02816443 -0.09905514
589.3750 0.13866077 -0.01607024 -0.09362869 0.07993634 0.07606798 -0.14019430 -0.10771272 0.14132552 -0.11189648 -0.05271104 0.18861505 0.06516885 -0.05868207 -0.28477165 -0.26234503 0.07121588 -0.06465973 0.08462476 -0.08814572 -0.10570325 -0.10383552 -0.02379672 0.14783872 0.00826084
595.6250 0.13878157 -0.01610987 -0.10025979 0.08723090 0.03230432 -0.12792484 -0.10297798 0.12390719 0.01323898 -0.07337111 0.05347455 0.05342906 -0.09494746 -0.24371546 -0.20041330 -0.07741898 -0.06662700 0.12149042 0.04282873 0.09672900 -0.02146259 -0.01349017 0.19134524 0.07316149
601.8750 0.13840065 -0.01541511 -0.10447578 0.09521122 -0.00628380 -0.12161066 -0.09346935 0.09676186 0.14053385 -0.09527930 -0.11282501 0.04770130 -0.14088232 -0.14363487 -0.07197635 -0.19445206 -0.03692665 0.11647240 0.18002473 0.26199468 0.02937298 0.02323169 0.11218731 0.03282384
608.1250 0.13781572 -0.01537485 -0.10975435 0.09912089 -0.03851797 -0.10507517 -0.08663061 0.07634432 0.20835568 -0.08367156 -0.19232777 0.02352389 -0.15909075 -0.05747990 -0.01276487 -0.23121249 0.00161007 0.07674046 0.22772753 0.23310144 0.03904210 0.02781076 -0.04714237 -0.00454090
614.3750 0.13727860 -0.01519231 -0.11535464 0.10090899 -0.06325485 -0.08392644 -0.08360997 0.06036867 0.22739492 -0.05466906 -0.20329134 -0.00878209 -0.13661782 0.00194054 0.00744887 -0.16880701 -0.00510954 -0.01088681 0.15743489 0.02596399 -0.02327424 0.00276042 -0.15187498 -0.00452045
620.6250 0.13684079 -0.01416686 -0.11986017 0.10259604 -0.08062824 -0.06453201 -0.08349205 0.04439142 0.22157662 -0.02881375 -0.18425238 -0.03608521 -0.07496449 0.03842404 0.03462033 -0.02484032 -0.07627888 -0.13630089 -0.00951954 -0.26419936 -0.14478224 -0.03390929 -0.11749255 0.03257451
626.8750 0.13657000 -0.01415078 -0.12196682 0.10308556 -0.09202085 -0.04910856 -0.08221585 0.03004753 0.21115298 0.00075286 -0.14204347 -0.06042910 0.00391290 0.05534047 0.05322463 0.07918010 -0.11180291 -0.19044016 -0.12883902 -0.37249707 -0.12123894 -0.03107428 -0.08645368 0.02712609
633.1250 0.13649461 -0.01460390 -0.12251907 0.10158482 -0.10230716 -0.02976138 -0.08094618 0.01610139 0.19981505 0.02507803 -0.08108048 -0.07788510 0.08741826 0.05452613 0.05727526 0.12076510 -0.08439733 -0.15466271 -0.17416675 -0.25833479 0.03222834 -0.00232014 -0.04379158 -0.03050964
639.3750 0.13638187 -0.01395795 -0.12311471 0.09716326 -0.11737455 0.00579898 -0.08306601 0.00077913 0.18261784 0.02793926 -0.00410511 -0.08176306 0.16779686 0.03640182 0.04419400 0.12519063 -0.00262941 -0.05240994 -0.17760247 0.00981777 0.20785988 0.00859098 0.09962168 -0.12414116
645.6250 0.13612963 -0.01291847 -0.12379131 0.09280365 -0.13132947 0.04050090 -0.08238087 -0.01766757 0.14648324 0.04010648 0.07514719 -0.08194215 0.21972967 0.02193029 0.02751662 0.10883377 0.07083180 0.03434992 -0.14048414 0.21674194 0.25512697 0.01754635 0.16623974 -0.11966878
651.8750 0.13584893 -0.01181112 -0.12488445 0.08949350 -0.14254951 0.06853862 -0.07653987 -0.03805422 0.08809586 0.06784030 0.14348298 -0.07929625 0.22964307 0.02096684 0.01558803 0.08209258 0.10520123 0.07165449 -0.07351860 0.26105402 0.13505570 0.02478429 0.10476895 0.00304066
658.1250 0.13540991 -0.01027468 -0.12721366 0.08496370 -0.15458987 0.10081298 -0.06775615 -0.05571811 0.01090201 0.09333370 0.19089531 -0.06761429 0.20003792 0.03056573 0.00966917 0.05162562 0.09772942 0.07484616 -0.01202279 0.12244462 -0.11103146 -0.00355223 0.00640384 0.19686631
664.3750 0.13487610 -0.00913701 -0.12905996 0.08032202 -0.16740234 0.12956888 -0.05523424 -0.06979950 -0.06823022 0.09206039 0.20438872 -0.03325861 0.12416098 0.04751218 0.00958716 0.01079292 0.08579323 0.07246272 0.07244318 -0.00800665 -0.28570952 -0.02630862 -0.06314258 0.21610072
670.6250 0.13454302 -0.00983369 -0.12875074 0.07664801 -0.17918665 0.14608896 -0.03621279 -0.08004756 -0.13581116 0.05441865 0.17691833 0.02600671 0.00973042 0.06583575 0.01276185 -0.04148560 0.09182040 0.08043497 0.18547011 0.01002712 -0.25790620 -0.01150114 -0.06403123 -0.05944284
676.8750 0.13424384 -0.01311984 -0.12857940 0.07140669 -0.18701441 0.15442132 -0.01229000 -0.08414191 -0.20350189 0.02707666 0.10981827 0.06825361 -0.12212287 0.10475169 0.03409377 -0.08964509 0.05701073 0.05849653 0.23177098 -0.07021009 -0.05925519 0.00969569 -0.11163687 -0.20325018
683.1250 0.13445030 -0.02267719 -0.12458758 0.06519031 -0.18449530 0.14538308 0.03090123 -0.08196544 -0.26284004 0.01618691 0.01071011 0.08380843 -0.21128121 0.12346431 0.04611155 -0.11415417 -0.02788944 0.00433846 0.15267367 -0.17133115 0.16309088 0.01922094 -0.10845271 -0.13583166
689.3750 0.13541567 -0.04286340 -0.11036267 0.05981411 -0.16404957 0.10470626 0.11428091 -0.07413439 -0.30059016 0.00861619 -0.11477941 0.07930187 -0.18980264 0.05841035 0.00360973 -0.09630322 -0.15654683 -0.07087515 -0.09864607 -0.07951745 0.23228335 0.00543398 0.14336996 0.06882435
695.6250 0.13565588 -0.07618214 -0.08084213 0.04849499 -0.12667944 0.03959229 0.21773628 -0.06083901 -0.26954336 0.00026809 -0.21359256 0.05369150 -0.06805870 -0.05009293 -0.03396119 -0.04847355 -0.18487683 -0.09998219 -0.25956269 0.07777543 0.12528240 -0.00507278 0.23386412 0.15698240
701.8750 0.13273987 -0.11883551 -0.03714343 0.02832559 -0.07674852 -0.03815636 0.31888788 -0.04277523 -0.15961261 -0.00894728 -0.26061126 0.01010084 0.11525631 -0.16000737 -0.02947315 0.01324361 -0.05842782 -0.05794391 -0.20114298 0.18723105 -0.10441603 0.00292333 -0.04558447 0.02886811
708.1250 0.12675251 -0.15558175 0.00448944 0.00468911 -0.03508878 -0.09551699 0.37633715 -0.02591717 -0.02613335 -0.02042754 -0.20759807 -0.01531182 0.21184074 -0.20432286 -0.01261417 0.09526828 0.10664148 0.02200680 0.00273365 0.12608530 -0.22228152 0.00860253 -0.26421958 -0.13139644
714.3750 0.12151393 -0.18086584 0.03419642 -0.01998683 -0.01714758 -0.10638193 0.35120162 -0.01552412 0.08512276 -0.02995459 -0.02956941 -0.00629449 0.12201874 -0.11541850 0.00621708 0.12896576 0.17792331 0.08230082 0.21335977 -0.11047694 -0.02448597 -0.00147536 -0.08058493 -0.08708497
720.6250 0.11686243 -0.19929407 0.05675240 -0.04317467 -0.00953296 -0.09511759 0.28669607 -0.00888028 0.14674837 -0.03203807 0.12578337 0.00791603 -0.00681420 -0.00073071 0.01653724 0.08973923 0.13039383 0.07732244 0.22904535 -0.20770392 0.14548203 -0.00919936 0.14130791 0.04551066
726.8750 0.11261359 -0.21313102 0.07452299 -0.06399577 -0.00647438 -0.07420252 0.20613399 -0.00462932 0.16410571 -0.02827589 0.21468060 0.01753227 -0.10560928 0.08381481 0.01755207 0.02119652 0.03305211 0.03453470 0.11206560 -0.15041465 0.16431494 -0.00859110 0.19838455 0.10743769
733.1250 0.10866523 -0.22366154 0.08890487 -0.08245007 -0.00560543 -0.04888977 0.12130779 -0.00200884 0.14996215 -0.02045503 0.23891968 0.02082258 -0.15365228 0.12407845 0.01319169 -0.04137442 -0.05619760 -0.01308246 -0.03450066 -0.02505475 0.07682669 -0.00376929 0.11195367 0.07802037
739.3750 0.10493502 -0.23172039 0.10074539 -0.09878553 -0.00577440 -0.02201357 0.03860244 -0.00028084 0.11633370 -0.01071905 0.21302409 0.01839106 -0.15590876 0.12617128 0.00680955 -0.07890545 -0.10987338 -0.04665011 -0.14207779 0.09002397 -0.03559691 0.00178696 -0.02173669 0.00541444
745.6250 0.10137036 -0.23787696 0.11057659 -0.11326281 -0.00643237 0.00491549 -0.03853753 0.00090211 0.07234787 -0.00091503 0.15247067 0.01241087 -0.12494242 0.10225285 0.00103478 -0.08653970 -0.12315699 -0.05924586 -0.18451841 0.15274445 -0.11481054 0.00563286 -0.12383525 -0.05951841
751.8750 0.09795073 -0.24252507 0.11876563 -0.12606077 -0.00735023 0.03099606 -0.10843788 0.00180389 0.02415717 0.00782728 0.07159886 0.00426550 -0.07268564 0.06268851 -0.00289879 -0.06874989 -0.10132347 -0.05211089 -0.16419237 0.15382513 -0.13624806 0.00695580 -0.15785673 -0.08765299
758.1250 0.09466465 -0.24596645 0.12560520 -0.13729600 -0.00840572 0.05534125 -0.17059574 0.00290375 -0.02386402 0.01485899 -0.01797091 -0.00492023 -0.01034549 0.01543003 -0.00501057 -0.03507210 -0.05449936 -0.03044378 -0.09709216 0.10388525 -0.10253430 0.00568429 -0.12277806 -0.07350252
764.3750 0.09152581 -0.24843460 0.13132937 -0.14693558 -0.00966818 0.07683254 -0.22501853 0.00469107 -0.06850903 0.01975338 -0.10833282 -0.01366824 0.05238972 -0.03413860 -0.00654853 0.00567706 0.00660049 -0.00126046 -0.00153308 0.01897368 -0.03032839 0.00219016 -0.03871629 -0.02623207
770.6250 0.08854584 -0.25014869 0.13612667 -0.15489309 -0.01133077 0.09440145 -0.27229919 0.00770191 -0.10771254 0.02250348 -0.19307819 -0.02101933 0.10858138 -0.08307528 -0.00911140 0.04770087 0.07076792 0.02930164 0.10404078 -0.08147751 0.05823346 -0.00236231 0.06455413 0.03554062
776.8750 0.08572810 -0.25129164 0.14012349 -0.16128692 -0.01342087 0.10800284 -0.31312401 0.01190633 -0.14084425 0.02307258 -0.26817560 -0.02644079 0.15502766 -0.12890853 -0.01305521 0.08751115 0.13068622 0.05783480 0.20441387 -0.17937195 0.14328018 -0.00694261 0.16198752 0.09394959