# Exported basis functions
# wvls, components
400.0 0.09830415 0.19652691 0.10862608 0.76196390 -0.19221997 0.40417305 -0.35518253 -0.05924382 0.11268315 0.11875906 0.04402665 -0.01897174
410.0 0.12529503 0.23857227 0.14453772 0.28105915 -0.12219642 -0.04563571 0.47895405 0.19647262 -0.43935406 -0.39935225 -0.21342251 0.35428047
420.0 0.13815244 0.24769995 0.15846813 0.10259047 -0.05970950 -0.15939155 0.33762598 0.11394728 -0.01921917 0.09875807 0.12022054 -0.56336164
430.0 0.14480156 0.25197834 0.15945125 0.02257658 0.00573567 -0.20194811 0.18363884 0.07815525 0.17469051 0.16833408 0.15233088 -0.21649081
440.0 0.14940147 0.25430155 0.15889928 -0.02637716 0.04964187 -0.20390463 0.05661433 0.02621923 0.23838878 0.17232065 0.13448349 0.06605201
450.0 0.15239032 0.25130108 0.14400476 -0.06833489 0.08754902 -0.17432867 -0.06367408 -0.04193212 0.21694554 0.14553811 -0.00948697 0.28870118
460.0 0.15493719 0.24569820 0.12217617 -0.09567283 0.09690812 -0.13259524 -0.14197722 -0.09674898 0.11600962 0.08345348 -0.15083686 0.30720276
470.0 0.15868358 0.23913559 0.09421683 -0.11731734 0.09833905 -0.08929355 -0.24332736 -0.10423125 -0.02297393 -0.05507930 -0.18983808 0.15601394
480.0 0.16162884 0.22756967 0.05913172 -0.15176682 0.08494768 -0.01144714 -0.30423173 -0.09056114 -0.14495155 -0.20939626 -0.08325139 -0.12445894
490.0 0.16639538 0.20869459 0.01038832 -0.17709783 0.05272922 0.11871609 -0.24049295 -0.06413663 -0.21883743 -0.27748871 0.05840465 -0.28377447
500.0 0.17060938 0.17879362 -0.06407295 -0.19458130 0.03193411 0.25722396 -0.08124269 -0.03700318 -0.17615597 -0.15187781 0.18171930 -0.14328612
510.0 0.17493482 0.14653906 -0.14972293 -0.18243335 -0.00279433 0.33654097 0.09807488 -0.03448541 -0.17252968 0.13457562 0.08573900 -0.02117169
520.0 0.17685463 0.10923491 -0.24032655 -0.11442436 0.01583663 0.31229785 0.19920322 -0.06252224 -0.05852083 0.29409632 -0.04076046 0.21002781
530.0 0.17627454 0.07448213 -0.30457386 -0.03130421 0.04178230 0.20393388 0.22212717 -0.05926559 0.15119205 0.09614375 0.06740381 0.15211119
540.0 0.17724404 0.04331100 -0.33321622 0.02956726 0.03703228 0.07546882 0.15803815 0.01906673 0.27713510 -0.15327321 0.13864824 -0.03105211
550.0 0.17677094 0.01398135 -0.33839309 0.07584034 0.03437387 -0.05197028 0.04988717 0.05425325 0.19702813 -0.10400890 -0.13181001 -0.07696456
560.0 0.18074568 -0.01643679 -0.31785810 0.08971380 -0.01566227 -0.16537961 -0.08263202 0.09659848 0.01694351 0.07527374 -0.51723272 -0.19446930
570.0 0.18423633 -0.04437060 -0.27411851 0.08823639 -0.06746433 -0.22951159 -0.17132609 0.21951608 -0.04247986 0.01108130 -0.24633689 -0.08904009
580.0 0.18766282 -0.07448294 -0.20696522 0.06876346 -0.10353225 -0.24591383 -0.19275963 0.27870327 -0.02113536 -0.14038739 0.33463764 0.14101046
590.0 0.19237867 -0.10682745 -0.11876342 0.04056903 -0.13888031 -0.21216483 -0.13745235 0.08894138 -0.11640467 -0.05358975 0.44838658 0.17380710
600.0 0.19757585 -0.13095890 -0.03271888 0.03012866 -0.18166204 -0.16117108 -0.03791285 -0.18157753 -0.26366648 0.16579676 0.19545856 0.04623679
610.0 0.19997947 -0.15026325 0.03130870 0.00602630 -0.19297750 -0.11274232 0.01939242 -0.28950596 -0.22680247 0.22969860 0.02096689 0.01066805
620.0 0.20263091 -0.16134131 0.07398671 -0.01288494 -0.20135672 -0.06775197 0.05316696 -0.28915569 -0.10761207 0.14295167 -0.11723203 -0.06651534
630.0 0.20518276 -0.16777547 0.10223809 -0.02315187 -0.19344753 -0.02487468 0.07438372 -0.26547736 0.05750356 -0.01139011 -0.14359882 -0.06932490
640.0 0.20750387 -0.17141044 0.13743719 -0.04741968 -0.17630282 0.04089208 0.06884979 -0.18781374 0.18605271 -0.20243630 -0.08761220 -0.01818531
650.0 0.20981431 -0.17414419 0.16815525 -0.06903519 -0.14115302 0.10225023 0.05375242 -0.04083597 0.28187340 -0.27593163 -0.01957519 0.02956888
660.0 0.21092851 -0.17730598 0.19528638 -0.09648493 -0.08265260 0.15489922 0.01405397 0.15155032 0.24892533 -0.19754174 0.00567523 0.01821413
670.0 0.21220466 -0.18215914 0.21287677 -0.09742887 -0.00301087 0.17714551 -0.03880029 0.32887679 0.05543675 0.00471998 -0.01611659 0.01746032
680.0 0.21099879 -0.19315790 0.20419915 -0.07010521 0.12892520 0.14896801 -0.06178021 0.40024891 -0.12621407 0.25835967 -0.09601536 -0.03208565
690.0 0.20468982 -0.20823711 0.13168633 0.06791380 0.37431660 0.05257854 -0.01393121 0.19305404 -0.16152012 0.21994278 -0.02736085 0.01961617
700.0 0.19306427 -0.21862325 0.00643350 0.30929446 0.70863527 -0.08842877 0.10612290 -0.33317932 -0.02895888 -0.18683536 0.10863337 -0.04176178