# Basis functions
# mean
383.1250 0.31055773
389.3750 0.31532147
395.6250 0.32197811
401.8750 0.32622806
408.1250 0.32719643
414.3750 0.32929140
420.6250 0.33317324
426.8750 0.33732223 
433.1250 0.34173943
439.3750 0.34712185
445.6250 0.35186083
451.8750 0.35542693
458.1250 0.35835622
464.3750 0.36187798
470.6250 0.36676610
476.8750 0.37079334
483.1250 0.37483348
489.3750 0.38104825
495.6250 0.38932903
501.8750 0.39926156
508.1250 0.41006284
514.3750 0.42167727
520.6250 0.43376640
526.8750 0.44371958
533.1250 0.45135239
539.3750 0.45780739
545.6250 0.46168118
551.8750 0.46311522
558.1250 0.46442485
564.3750 0.46542416
570.6250 0.46575589
576.8750 0.46598331
583.1250 0.46663159
589.3750 0.46798768
595.6250 0.47063343
601.8750 0.47387202
608.1250 0.47501374
614.3750 0.47539029
620.6250 0.47649813
626.8750 0.47853683
633.1250 0.48060600
639.3750 0.48129566
645.6250 0.48222657
651.8750 0.48399246
658.1250 0.48568333
664.3750 0.48776815
670.6250 0.49108244
676.8750 0.49587515
683.1250 0.50382677
689.3750 0.51671843
695.6250 0.53519997
701.8750 0.55788134
708.1250 0.57902939
714.3750 0.59516175
720.6250 0.60834388
726.8750 0.61961951
733.1250 0.62949336
739.3750 0.63829354
745.6250 0.64622780
751.8750 0.65343820
758.1250 0.66001412
764.3750 0.66597202
770.6250 0.67129945
776.8750 0.67603928
# func
383.1250 0.04008290 -0.02159026 0.34981091 0.42434791 0.04140471 0.16482245 0.03621528 -0.23841111 0.08717207 0.28943757 0.03720156 0.46421357 0.10416936 0.07371818 -0.09618328 0.04737610 -0.03744584 0.07420304 0.00433723 -0.02833667 -0.01437063 0.43720166 0.01849400 -0.04744835 -0.01215632 -0.00233561 0.00461667 0.00255906 -0.01823220 -0.00649351 -0.00401865 0.03339170
389.3750 0.05592513 0.00189615 0.35119413 0.39328781 0.01638080 0.13412083 0.01877142 -0.12415774 0.01212644 0.09250363 0.01311961 0.06021728 0.00080316 -0.00218613 0.03377924 -0.01030602 0.03736685 -0.04069067 -0.00544605 0.02918031 0.03798183 -0.49581991 -0.02998455 0.08533220 0.03129222 -0.02263852 0.01593999 -0.00852753 0.04879895 0.01162094 0.00537837 -0.08826347
395.6250 0.07580319 0.03721226 0.33832976 0.32798250 -0.01633131 0.05796684 -0.00806653 0.04107899 -0.06678137 -0.13873007 -0.02334881 -0.38172522 -0.13371488 -0.09571250 0.12435273 -0.04727589 0.03320661 -0.09750472 0.01028083 0.01275180 -0.00134284 -0.36049674 -0.00607322 0.02600287 -0.00187755 0.03338009 -0.04932049 0.01640629 -0.06061216 0.00442850 0.00100351 0.10297524
401.8750 0.09851785 0.08271530 0.29509308 0.21015431 -0.05142531 -0.06811529 -0.04514352 0.23022601 -0.08790176 -0.29111513 -0.04177329 -0.41426594 -0.08645382 -0.05195922 0.01676461 -0.02294023 -0.02100786 0.01844095 -0.00238627 -0.02269652 -0.04216462 0.56636182 0.02893760 -0.12470368 -0.05509365 0.01367181 0.01978837 -0.00993708 0.01476843 -0.01533836 -0.00654205 -0.07461629
408.1250 0.11541189 0.12808553 0.20769138 0.03670447 -0.07772370 -0.22632125 -0.08592548 0.38263061 -0.02321278 -0.26144102 -0.01495855 0.14394009 0.15381933 0.12535871 -0.23537776 0.07013391 -0.05448713 0.16909780 -0.02697899 0.00116277 0.03436126 -0.00053882 -0.01386210 0.09610862 0.07035715 -0.05874228 0.03354931 -0.00337545 0.05006050 0.01278262 0.00656591 0.03814105
414.3750 0.11925985 0.14929866 0.13759229 -0.07267496 -0.08963762 -0.27362682 -0.09104669 0.35648918 0.01911864 -0.09672574 0.01385645 0.37825403 0.16653754 0.11785295 -0.13082937 0.04196157 0.00778040 0.02627921 0.00059382 -0.00495185 0.02023428 -0.23244975 -0.00637425 0.02501967 0.01200747 -0.00336314 -0.01586239 0.00912096 -0.01771939 0.01146405 0.00009652 0.02272802
420.6250 0.12124259 0.15565208 0.11576159 -0.09800140 -0.09323498 -0.21368656 -0.06182532 0.16658852 0.02418246 0.16924841 0.03416895 0.21578055 -0.05964025 -0.08231535 0.30704468 -0.09794655 0.13629319 -0.35349536 0.07260392 -0.03584792 -0.07219766 -0.01210090 0.04345519 -0.27089509 -0.17578318 0.12903039 -0.08112351 0.01689113 -0.11787890 -0.01340884 -0.01997433 -0.09465649
426.8750 0.12222239 0.15586359 0.10656782 -0.11007128 -0.09354978 -0.16334157 -0.03282167 0.03090361 0.00484876 0.27553342 0.01487496 0.03664486 -0.15324924 -0.16948642 0.36674900 -0.09097570 0.06034401 -0.24988091 0.06725472 -0.01216105 -0.02597737 0.11299167 -0.00440921 0.00883282 0.02043083 -0.02405798 0.05618105 -0.01053998 0.07880091 0.01183741 0.00082879 0.03565775
433.1250 0.12289845 0.15440334 0.10023233 -0.12255852 -0.09293537 -0.13617443 -0.01036128 -0.03439961 -0.02152242 0.25351145 -0.02498936 -0.06703241 -0.11534407 -0.14002694 0.13398547 0.02106828 -0.12584664 0.14896620 0.00680287 0.03626231 0.06915020 0.07524301 -0.08718045 0.43433263 0.29371845 -0.22074348 0.18520101 -0.03025642 0.24686193 0.03719563 0.03041194 0.17798966
439.3750 0.12329154 0.15342380 0.09591336 -0.12785956 -0.09233099 -0.10799291 0.00915066 -0.08634492 -0.03637148 0.23999917 -0.05091235 -0.10889009 -0.08192060 -0.10248695 -0.02129724 0.09935287 -0.21132683 0.34537468 -0.03426525 0.04075175 0.01104538 -0.01757871 -0.08094653 0.15905136 0.04666705 0.00470886 -0.08065479 0.03255473 -0.22764416 -0.04241616 0.00239950 -0.17005321
445.6250 0.12389341 0.15219739 0.09173763 -0.12999383 -0.08910108 -0.07422453 0.02906747 -0.12849750 -0.04042516 0.20264873 -0.04276304 -0.12191587 -0.04042326 -0.02548754 -0.12821513 0.07022189 -0.14338153 0.31789735 -0.06738688 0.03651691 -0.02738980 -0.08413505 0.00680380 -0.23150985 -0.18829975 0.15239322 -0.17930464 0.03964671 -0.29719105 -0.05369488 -0.01058497 -0.16353748
451.8750 0.12473427 0.15026127 0.08697204 -0.13087353 -0.08221144 -0.03643588 0.04770879 -0.15981062 -0.03541451 0.13227367 -0.00294797 -0.12430265 0.00893587 0.08559954 -0.20326744 -0.04634839 0.03299373 0.13274847 -0.09361588 0.03930936 0.01275846 -0.08686354 0.11471570 -0.37544599 -0.17603191 0.05551052 0.02485125 -0.03274215 0.20666973 0.02707742 0.00850031 0.27113388
458.1250 0.12557288 0.14812768 0.08185073 -0.13034678 -0.07278128 -0.00431396 0.05577029 -0.17208388 -0.01951364 0.06045077 0.04666095 -0.11661291 0.04078698 0.17943920 -0.22705975 -0.13859996 0.18351303 -0.08140212 -0.10675894 0.04620449 0.05332014 -0.02037912 0.10200334 -0.13795454 -0.04369229 -0.04491060 0.14817459 -0.07215404 0.33659100 0.03619165 -0.01979817 0.05487327
464.3750 0.12640401 0.14573726 0.07642502 -0.12937171 -0.06144654 0.02454402 0.05699068 -0.17845022 -0.00524069 -0.01814128 0.07808512 -0.09286573 0.05940877 0.22290818 -0.19384229 -0.13669226 0.21999424 -0.22945279 -0.07196605 0.02671087 0.04750796 0.04945484 0.02602654 0.16760596 0.08438728 -0.05777974 0.09786803 -0.04204243 0.08239996 -0.02482766 -0.01676828 -0.24108264
470.6250 0.12730142 0.14300721 0.07050576 -0.12840318 -0.04850166 0.05450128 0.05587227 -0.18806693 -0.00076094 -0.10615500 0.07433655 -0.05018127 0.07190449 0.20063401 -0.10825622 -0.02616633 0.12063705 -0.26519918 0.02072193 -0.03153591 -0.01618333 0.06992325 -0.03374416 0.26087741 0.12092898 0.03760446 -0.10145566 0.04915208 -0.34345932 -0.11997502 0.07552208 -0.06587700
476.8750 0.12812340 0.14014631 0.06339241 -0.12762535 -0.03389441 0.09329673 0.05167709 -0.19205619 0.00085032 -0.17582168 0.03684530 -0.00251670 0.07834796 0.10459386 0.00012659 0.14166657 -0.05861406 -0.17895052 0.14097327 -0.11385874 -0.08228749 0.03645592 -0.08547785 0.11047714 0.05461139 0.02437669 -0.17434083 0.08070498 -0.26074416 0.05367864 -0.01732469 0.15821876
483.1250 0.12897441 0.13657450 0.05415920 -0.12459403 -0.01640147 0.13803941 0.04352925 -0.17585710 0.00940118 -0.22198834 -0.01609321 0.04783662 0.08080975 -0.02469682 0.10583104 0.26043943 -0.19220020 -0.04115761 0.20007356 -0.14812328 -0.09034325 -0.01401946 -0.09010165 -0.09193333 -0.04284497 -0.04021974 -0.09593214 0.03177293 0.12780828 0.24836422 -0.15153664 0.19805829
489.3750 0.13027315 0.13172391 0.04225308 -0.11620469 0.00518714 0.18027545 0.02974915 -0.12468562 0.03646865 -0.25387645 -0.05811745 0.10623989 0.08066195 -0.12791267 0.19679550 0.22706607 -0.15620239 0.04233834 0.09656215 -0.03934997 0.02321683 -0.02927899 0.00891524 -0.05488654 -0.07876458 0.03483547 0.01787374 -0.09343712 0.25406626 -0.02496893 -0.01298432 -0.12240731
495.6250 0.13189329 0.12463893 0.02702285 -0.10356154 0.03528077 0.21728535 0.02119383 -0.05431546 0.05787623 -0.23075310 -0.08431146 0.13145449 0.06319246 -0.18571817 0.18425529 0.04281381 0.02009528 0.11846357 -0.04457597 0.05213990 0.08001534 -0.02190335 0.07921371 -0.02643518 -0.02768723 0.04575102 0.17194519 -0.06190074 0.09578525 -0.22043004 0.14394939 -0.21294677
501.8750 0.13341984 0.11486925 0.00926424 -0.08741878 0.07435059 0.24326204 0.01915982 0.02359606 0.06835175 -0.15042823 -0.08277712 0.11462585 0.01428053 -0.18807724 0.07202823 -0.20236055 0.21563143 0.18323084 -0.13367432 0.06504282 0.02948950 -0.00441973 0.06645427 -0.07972745 0.06627502 -0.04847257 0.27053197 0.11604421 -0.18196471 -0.11935095 0.16102048 0.04630607
508.1250 0.13450615 0.10389360 -0.00903355 -0.06811158 0.11756149 0.24848567 0.00718233 0.10848614 0.09330635 -0.05990168 -0.02441895 0.09305817 -0.09503023 -0.12942560 -0.00298920 -0.30389738 0.17069892 0.14595688 -0.12812565 0.07816727 0.01097735 0.02542488 0.01968385 0.00389666 0.05981186 -0.06933479 -0.06998457 0.05592771 -0.16783922 0.12713653 -0.09641554 0.12931587
514.3750 0.13527817 0.08951031 -0.02326167 -0.04791924 0.16201414 0.23023613 0.00314243 0.17241525 0.11275151 0.02102384 0.06098623 0.05791981 -0.19488613 -0.03256563 -0.06809340 -0.25486940 -0.02379299 0.04357721 -0.04025095 0.06986241 -0.02300582 0.03060874 -0.04446558 0.08969693 0.00303614 -0.00225227 -0.34490443 -0.06554182 0.02331153 0.21788060 -0.23047211 0.05345722
520.6250 0.13598267 0.07055184 -0.03066808 -0.02893611 0.20478843 0.19062979 0.01999821 0.19545425 0.10716070 0.08344696 0.13375683 0.00122017 -0.22094162 0.06957849 -0.15560546 -0.10830206 -0.21591164 -0.06630353 0.08791339 0.01996146 -0.10958049 -0.00860264 -0.10555390 0.05316255 -0.03225460 0.11618136 -0.15416950 -0.05609031 0.20002983 -0.01481416 0.03457940 -0.06340752
526.8750 0.13653209 0.05070798 -0.03293422 -0.01410969 0.23932523 0.13599331 0.03421857 0.19014927 0.08500055 0.13638137 0.12358203 -0.05892950 -0.13812175 0.07536605 -0.17294622 0.06894156 -0.24320340 -0.13676803 0.15355621 -0.04091033 -0.08361074 -0.03515268 -0.05955540 -0.03586769 -0.04687364 0.04790453 0.18689208 0.01849640 0.06958193 -0.13905729 0.17706538 -0.07107521
533.1250 0.13688253 0.03264840 -0.03316484 -0.00252135 0.26204802 0.07629241 0.03606758 0.16412079 0.04792583 0.17087317 0.04056274 -0.10400224 0.01519079 0.00383741 -0.11571247 0.21151485 -0.10222246 -0.14124914 0.12379897 -0.08358332 0.05567868 -0.02970771 0.07117584 -0.09335375 -0.02407208 -0.11159453 0.34281886 0.06370573 -0.17361349 -0.09395090 0.09422855 0.00681748
539.3750 0.13705340 0.01859762 -0.03518943 0.00846644 0.27072704 0.02335982 0.02160789 0.12305134 -0.00397432 0.17072690 -0.06936018 -0.11772808 0.16841118 -0.07283985 -0.01829042 0.26941430 0.12553994 -0.07260478 0.00648433 -0.07717358 0.27609603 0.00831278 0.24485099 -0.04362592 0.07341333 -0.15220449 -0.03271307 -0.04047369 -0.13250770 0.00247093 -0.15052410 0.07956497
545.6250 0.13714219 0.00741605 -0.03728763 0.01932671 0.27180065 -0.02610042 0.01267258 0.07281415 -0.05476095 0.13694329 -0.10800752 -0.10037846 0.23535625 -0.06379470 0.06058406 0.21911722 0.27145996 0.02538532 -0.10256758 -0.06301847 0.16437867 0.03209857 0.12152109 0.06556581 0.05422905 0.04203967 -0.25423605 -0.06401327 0.06134264 0.05773501 -0.13274653 0.01468925
551.8750 0.13726234 -0.00146714 -0.03990212 0.03048383 0.26693613 -0.07258626 0.01270704 0.01639899 -0.09458759 0.07513011 -0.05264918 -0.06107280 0.19545713 0.04752325 0.11193113 0.09016769 0.25688034 0.10818356 -0.14906001 -0.04319409 -0.23653067 0.02448301 -0.24742377 0.14678166 -0.08587304 0.31371317 -0.09534070 0.03748623 0.22166916 0.04681413 0.14780643 -0.13391368
558.1250 0.13745008 -0.00699410 -0.04731727 0.04272147 0.25060332 -0.11044145 0.00208911 -0.04795554 -0.11268589 -0.01267840 0.05882783 -0.02044962 0.08495180 0.22896128 0.21402386 -0.02501636 0.06860740 0.12324525 -0.11782167 0.05462420 -0.27456594 -0.00288279 -0.30519296 -0.00062334 -0.11065652 -0.01982751 0.13132608 0.05618626 -0.01779122 0.02169097 0.05062529 0.05281857
564.3750 0.13755078 -0.01021515 -0.05663178 0.05359240 0.22552533 -0.13698835 -0.02164497 -0.10240797 -0.12986678 -0.08367797 0.10839918 0.02028640 -0.02065094 0.31748088 0.25816382 -0.10513259 -0.13705107 0.08272585 -0.04565855 0.13928380 -0.04042454 -0.01735162 -0.07918191 -0.13489366 -0.02269685 -0.31741353 0.15259939 0.00124088 -0.19259473 0.00089775 -0.11347191 0.14644587
570.6250 0.13791834 -0.01239687 -0.06523343 0.06167781 0.19548587 -0.15229418 -0.05458067 -0.13451575 -0.15919942 -0.10919199 0.03024339 0.06108489 -0.07110763 0.21589256 0.16515725 -0.14929135 -0.23306352 0.01454830 0.02640949 0.13798087 0.24347964 -0.00056347 0.25704743 -0.06204943 0.11237140 -0.05686804 -0.13608535 -0.07806019 0.05798231 -0.00483049 -0.03302868 -0.18728094
576.8750 0.13826496 -0.01393501 -0.07463031 0.06822445 0.16093259 -0.15961841 -0.08319416 -0.14739080 -0.19262561 -0.08658807 -0.11426039 0.08111080 -0.06849584 -0.00290007 -0.02196310 -0.18830433 -0.16190290 -0.01919199 0.10912762 -0.02904700 0.16660283 0.00428031 0.26944784 0.05206272 0.11662433 0.25393372 -0.10407683 -0.00255809 0.08820342 -0.05910707 0.07200485 -0.04896426
583.1250 0.13835898 -0.01505303 -0.08429220 0.07405329 0.12132543 -0.15740720 -0.10076186 -0.14673359 -0.19132217 -0.05113563 -0.22195519 0.07893580 -0.04820095 -0.21354643 -0.20178300 -0.18195440 -0.01523658 -0.03460178 0.15117078 -0.19442577 -0.09534958 -0.00572584 0.03278844 0.09711384 0.00945064 0.29355464 0.12659227 0.10851004 -0.05815066 -0.07156069 0.07925357 0.26610700
589.3750 0.13866328 -0.01599490 -0.09350225 0.07974911 0.07648762 -0.14195167 -0.10598574 -0.14126476 -0.11294886 -0.05023150 -0.19174211 0.06125420 -0.05510207 -0.28510912 -0.26505392 -0.06862315 0.05479209 -0.08229862 0.08938823 -0.10847959 -0.10648145 -0.01853234 -0.14460171 -0.01135711 -0.10511979 -0.18338009 0.12605556 0.01579754 -0.03204167 0.16699261 -0.13403383 -0.09020094
595.6250 0.13878588 -0.01609154 -0.10020982 0.08717431 0.03260868 -0.12962115 -0.10137602 -0.12382772 0.01207083 -0.07269273 -0.05644118 0.04933673 -0.09120662 -0.24489010 -0.20511436 0.08009257 0.06480182 -0.11748875 -0.04380771 0.09535618 -0.02911837 -0.00537491 -0.19118135 -0.07538444 -0.10993977 -0.39005971 -0.06377823 -0.10811129 0.02185991 0.08172308 -0.07083812 -0.22705328
601.8750 0.13840148 -0.01543959 -0.10450436 0.09527935 -0.00611660 -0.12306488 -0.09178625 -0.09667723 0.13939139 -0.09647539 0.11142608 0.04452356 -0.13757397 -0.14572189 -0.07747245 0.19698841 0.04399771 -0.11242569 -0.18189819 0.26232011 0.02191882 0.02676426 -0.11215488 -0.03290990 -0.00376059 -0.10972732 -0.26174537 -0.13544170 0.02718764 -0.30563071 0.25882514 0.08286931
608.1250 0.13781262 -0.01544323 -0.10979768 0.09924222 -0.03844962 -0.10642483 -0.08517578 -0.07619443 0.20766103 -0.08583543 0.19221767 0.02075184 -0.15728091 -0.05958139 -0.01705561 0.23209566 0.00783831 -0.07096034 -0.22988630 0.23243631 0.03848675 0.02551203 0.04634636 0.00609757 0.07454536 0.19795720 -0.00819446 0.07843775 -0.00899534 -0.02903136 0.08068657 0.22296535
614.3750 0.13727176 -0.01529354 -0.11539629 0.10105105 -0.06324055 -0.08526726 -0.08253170 -0.06018638 0.22735677 -0.05694313 0.20389682 -0.01060775 -0.13661301 0.00015062 0.00556799 0.16650675 0.01155268 0.01622042 -0.15752787 0.02402599 -0.01669389 -0.00341472 0.15183904 0.00778836 0.11418274 0.26827572 0.24265773 0.21386320 -0.02649285 0.29221824 -0.20727547 0.06837832
620.6250 0.13682941 -0.01427982 -0.11992870 0.10276808 -0.08063463 -0.06585799 -0.08272645 -0.04426631 0.22211429 -0.03064564 0.18502991 -0.03566152 -0.07627811 0.03674123 0.03534449 0.01862528 0.07743768 0.13646234 0.01426761 -0.26548943 -0.13621007 -0.04049931 0.12113568 -0.02751339 0.12234573 0.02225813 0.10674500 0.03917846 0.01475451 0.08936149 -0.20109148 -0.31847887
626.8750 0.13655789 -0.01429616 -0.12204019 0.10328280 -0.09203989 -0.05037592 -0.08164699 -0.02988920 0.21209350 -0.00083227 0.14242833 -0.05840156 0.00213532 0.05425787 0.05529698 -0.08686706 0.10905921 0.18608061 0.13487846 -0.37155389 -0.11424548 -0.03548093 0.08910755 -0.02232093 0.05725391 -0.13067095 -0.07926798 -0.08700123 0.01742165 -0.11267273 0.05252854 -0.16939277
633.1250 0.13648410 -0.01478802 -0.12257859 0.10179301 -0.10234721 -0.03093536 -0.08059802 -0.01577856 0.20082498 0.02366354 0.08078901 -0.07503585 0.08596313 0.05447312 0.05981518 -0.12695426 0.07999847 0.14835859 0.17754240 -0.25518076 0.03484693 -0.00242746 0.04215022 0.03001553 -0.07850441 -0.10797285 -0.14328802 -0.10739638 -0.00746862 -0.15981291 0.24496249 0.24064057
639.3750 0.13637133 -0.01414605 -0.12316665 0.09736325 -0.11745614 0.00471899 -0.08317262 -0.00016402 0.18320793 0.02713584 0.00332069 -0.07821109 0.16721434 0.03737200 0.04764809 -0.12780316 -0.00159837 0.04709411 0.17676133 0.01269184 0.20331649 0.01480233 -0.10365599 0.10864266 -0.28685635 0.01086989 0.01063797 -0.12190714 0.00443605 -0.06785677 -0.06442597 0.21111601
645.6250 0.13611684 -0.01311473 -0.12384196 0.09299290 -0.13145485 0.03955055 -0.08295455 0.01834183 0.14667227 0.04001666 -0.07646510 -0.07824843 0.21980629 0.02419588 0.03093529 -0.10763984 -0.07464108 -0.03766553 0.13660980 0.21945030 0.24746803 0.02619850 -0.17091803 0.10388996 -0.25772740 0.10755882 0.10918252 -0.00845517 -0.00743934 0.05187439 -0.17731542 -0.02340252
651.8750 0.13583215 -0.01203381 -0.12492863 0.08968051 -0.14269947 0.06775051 -0.07749514 0.03848918 0.08814279 0.06830328 -0.14512772 -0.07608437 0.22989140 0.02456822 0.01788977 -0.07799375 -0.10862316 -0.07293200 0.06905278 0.26396474 0.12974443 0.03042438 -0.10837248 -0.00148972 0.02878471 0.11384233 0.05212651 0.18233386 -0.04009779 0.11909660 0.07291065 -0.21722879
658.1250 0.13539561 -0.01051849 -0.12721426 0.08516768 -0.15472182 0.10014614 -0.06914370 0.05583075 0.01134034 0.09367753 -0.19137909 -0.06500781 0.20033465 0.03443826 0.01140616 -0.04594704 -0.09916388 -0.07410963 0.01082563 0.12167491 -0.11261580 -0.00351832 -0.00596641 -0.18016218 0.29674446 -0.06321888 -0.09055184 0.19525690 0.03160015 0.14437845 0.21679600 -0.06321801
664.3750 0.13486530 -0.00941144 -0.12902322 0.08054392 -0.16749447 0.12903163 -0.05696203 0.06959435 -0.06782384 0.09232043 -0.20335170 -0.03140421 0.12392687 0.05094884 0.01081149 -0.00474176 -0.08473874 -0.06941494 -0.07163880 -0.01278813 -0.28468431 -0.03080042 0.06815621 -0.19899295 0.32155488 -0.14008673 -0.11904835 0.01738319 0.06883958 0.01272532 0.07726761 0.12070997
670.6250 0.13452989 -0.01015743 -0.12871226 0.07687306 -0.17923042 0.14575272 -0.03805003 0.07956730 -0.13641867 0.05517698 -0.17507939 0.02688043 0.00823611 0.06855347 0.01299338 0.04681448 -0.08900311 -0.07488445 -0.18731001 0.00426749 -0.25658604 -0.01685581 0.07175953 0.05950424 0.03978599 0.07186531 0.07192103 -0.26948809 -0.03044291 -0.31441496 -0.34546008 0.05466139
676.8750 0.13423045 -0.01350453 -0.12852248 0.07163472 -0.18696827 0.15425252 -0.01424581 0.08323278 -0.20444693 0.02793947 -0.10763061 0.06769075 -0.12493796 0.10566708 0.03287108 0.09228627 -0.05239293 -0.05467012 -0.23342058 -0.07202268 -0.05564234 0.00373013 0.11472199 0.19116331 -0.22837609 0.04841109 0.09318671 -0.19669139 -0.06560462 -0.09149993 -0.12861160 -0.01276556
683.1250 0.13443999 -0.02310464 -0.12448469 0.06541645 -0.18433851 0.14559097 0.02910144 0.08070658 -0.26345159 0.01687128 -0.00853907 0.08170720 -0.21434574 0.12200484 0.04369404 0.11245791 0.03330362 -0.00461311 -0.15139378 -0.16816991 0.16774760 0.01578774 0.10406157 0.12400412 -0.28272637 -0.10996973 -0.02050199 0.09636247 -0.01742579 0.30642222 0.33310728 -0.02473156
689.3750 0.13540272 -0.04327307 -0.11018442 0.06001697 -0.16378873 0.10585978 0.11340836 0.07300733 -0.30091972 0.00943954 0.11660585 0.07602134 -0.19078974 0.05490596 0.00124027 0.08911096 0.16012324 0.06849799 0.10220972 -0.07640084 0.22996676 0.01375058 -0.14971100 -0.06775736 0.01274522 -0.03284517 -0.05031558 0.21990456 0.05730149 0.02560819 0.07792955 -0.00966336
695.6250 0.13563025 -0.07653230 -0.08061562 0.04864855 -0.12630865 0.04201479 0.21798620 0.06010360 -0.26946711 0.00128731 0.21427604 0.05083566 -0.06620981 -0.05380166 -0.03525905 0.04047281 0.18520907 0.09759583 0.26259914 0.07879127 0.11908821 0.00633903 -0.23651789 -0.14774605 0.21816261 0.08672359 -0.00795226 0.08233116 0.05045985 -0.22340570 -0.21129658 0.00426548
701.8750 0.13269934 -0.11909984 -0.03693563 0.02841495 -0.07627397 -0.03442966 0.32001181 0.04246731 -0.15891350 -0.00791661 0.25927006 0.00954049 0.11944980 -0.16179806 -0.02917367 -0.01528146 0.05542576 0.05660512 0.20080840 0.18707692 -0.10522925 0.00039509 0.04970399 -0.02459949 0.09994030 0.08585864 0.05451756 -0.24929272 -0.06870588 0.04659225 -0.03134262 0.00494754
708.1250 0.12672844 -0.15570919 0.00460112 0.00471227 -0.03475181 -0.09070699 0.37744415 0.02612541 -0.02513301 -0.01971856 0.20418335 -0.01326500 0.21543356 -0.20381053 -0.01151325 -0.09018507 -0.11191323 -0.02284652 -0.00664216 0.12327341 -0.21579135 -0.00449578 0.26981152 0.12633667 -0.12563497 -0.04492978 0.01269537 -0.16934860 -0.06815545 0.21693357 0.16474057 -0.00506784
714.3750 0.12150767 -0.18090853 0.03430212 -0.01994309 -0.01688651 -0.10170891 0.35199313 0.01611821 0.08530228 -0.03006777 0.02747083 -0.00391129 0.12331383 -0.11408891 0.00722476 -0.12070372 -0.18124099 -0.08099566 -0.21603159 -0.11264778 -0.02175005 -0.00521938 0.07988016 0.08160541 -0.14328113 -0.12063272 -0.08352398 0.31130138 0.08767869 -0.09814463 -0.03218915 -0.00465530
720.6250 0.11685630 -0.19930774 0.05692430 -0.04311108 -0.00926758 -0.09126084 0.28726466 0.00972618 0.14641467 -0.03319110 -0.12648305 0.00869774 -0.00775757 0.00049258 0.01726731 -0.08374480 -0.13174734 -0.07562396 -0.22981261 -0.20809524 0.14317921 -0.00267851 -0.14530471 -0.04435052 0.01400206 -0.02464801 -0.04463226 0.22270153 0.07264602 -0.17795420 -0.12974262 0.00349422
726.8750 0.11259556 -0.21313764 0.07479050 -0.06390027 -0.00618322 -0.07154424 0.20656738 0.00554757 0.16361272 -0.02999766 -0.21461055 0.01656747 -0.10810509 0.08469011 0.01774383 -0.01990297 -0.03221928 -0.03412717 -0.11111459 -0.14943124 0.16062142 -0.00021451 -0.20295757 -0.10392276 0.12510814 0.07624538 0.03343548 -0.11609436 -0.03072820 -0.00827589 -0.02513854 0.00602141
733.1250 0.10864379 -0.22365610 0.08922351 -0.08229112 -0.00534365 -0.04738460 0.12158404 0.00280698 0.14920679 -0.02240404 -0.23807927 0.01879907 -0.15693343 0.12427378 0.01253290 0.03852035 0.05856465 0.01245035 0.03620136 -0.02294071 0.07333200 0.00153466 -0.11363657 -0.07515897 0.11481699 0.09287993 0.06478501 -0.28339081 -0.08417857 0.14238300 0.09367978 0.00125254
739.3750 0.10491977 -0.23169813 0.10108005 -0.09854917 -0.00557897 -0.02157297 0.03878118 0.00090052 0.11535792 -0.01245186 -0.21161689 0.01625997 -0.15866764 0.12551860 0.00562040 0.07361414 0.11233005 0.04521728 0.14368087 0.09160912 -0.03631993 0.00119234 0.02313199 -0.00505392 0.03023649 0.03922709 0.04048002 -0.19527765 -0.05784161 0.14145813 0.10511026 -0.00377277
745.6250 0.10136376 -0.23784431 0.11093287 -0.11292028 -0.00630584 0.00437364 -0.03852780 -0.00052054 0.07136377 -0.00206090 -0.15077569 0.01042762 -0.12683033 0.10121092 -0.00014248 0.08071020 0.12471393 0.05747137 0.18522154 0.15316528 -0.11235171 0.00022881 0.12736912 0.05811776 -0.05779937 -0.03115231 -0.00486707 0.01488248 0.00669909 0.03234857 0.02996663 -0.00566296
751.8750 0.09794588 -0.24249294 0.11915217 -0.12563567 -0.00725739 0.02954005 -0.10875208 -0.00176370 0.02358998 0.00742647 -0.07022131 0.00273960 -0.07379709 0.06189391 -0.00371568 0.06432515 0.10225883 0.05042270 0.16437211 0.15391905 -0.13295057 0.00010367 0.16212865 0.08559359 -0.10387897 -0.07499509 -0.04086720 0.18905443 0.05849645 -0.08519000 -0.05744823 -0.00244080
758.1250 0.09466150 -0.24593582 0.12601234 -0.13681316 -0.00834215 0.05312884 -0.17121753 -0.00323492 -0.02388178 0.01525439 0.01875903 -0.00533506 -0.01041340 0.01502109 -0.00522625 0.03289843 0.05455944 0.02932518 0.09651157 0.10363924 -0.10021254 0.00051620 0.12553880 0.07186599 -0.09499452 -0.07511476 -0.05045327 0.23657898 0.07015919 -0.13745720 -0.09672487 0.00255009
764.3750 0.09151658 -0.24841388 0.13176108 -0.14642279 -0.00962405 0.07398744 -0.22600356 -0.00543043 -0.06805342 0.02083735 0.10826565 -0.01295953 0.05353538 -0.03426900 -0.00628073 -0.00534093 -0.00690332 0.00137233 0.00094212 0.01876406 -0.03004254 0.00076675 0.03924698 0.02590372 -0.04193352 -0.03649775 -0.03146440 0.14678799 0.04033513 -0.10055633 -0.06981677 0.00561364
770.6250 0.08853457 -0.25013186 0.13658396 -0.15434913 -0.01130835 0.09100342 -0.27349817 -0.00877343 -0.10679747 0.02399389 0.19232648 -0.01923054 0.11068193 -0.08269214 -0.00837547 -0.04470218 -0.07180179 -0.02778662 -0.10438109 -0.08189580 0.05700049 0.00035017 -0.06647822 -0.03485975 0.03345015 0.02349102 0.00810188 -0.03647110 -0.01438071 0.00534200 0.00602220 0.00319544
776.8750 0.08571617 -0.25127863 0.14060595 -0.16070286 -0.01342587 0.10411478 -0.31446009 -0.01328584 -0.13957429 0.02494570 0.26674636 -0.02365490 0.15802892 -0.12815034 -0.01186081 -0.08198459 -0.13246514 -0.05496250 -0.20430614 -0.17996272 0.14124548 -0.00050238 -0.16615918 -0.09263139 0.10793889 0.08386779 0.05440051 -0.24320056 -0.07105796 0.13536442 0.09449835 -0.00355369